# Blender 3.5.1
# www.blender.org
mtllib sztaluga.mtl
o Cube
v 0.992698 1.536045 -0.193762
v 0.992698 -3.798156 -2.357565
v 0.992698 1.605521 -0.365033
v 0.992698 -3.728681 -2.528836
v 0.602471 1.536045 -0.193762
v 0.602471 -3.798156 -2.357565
v 0.602471 1.605521 -0.365033
v 0.602471 -3.728681 -2.528836
vn -0.0000 0.9267 0.3759
vn -0.0000 0.3759 -0.9267
vn -1.0000 -0.0000 -0.0000
vn -0.0000 -0.9267 -0.3759
vn 1.0000 -0.0000 -0.0000
vn -0.0000 -0.3759 0.9267
vt 0.625000 0.500000
vt 0.375000 0.500000
vt 0.625000 0.750000
vt 0.375000 0.750000
vt 0.875000 0.500000
vt 0.625000 0.250000
vt 0.125000 0.500000
vt 0.375000 0.250000
vt 0.875000 0.750000
vt 0.625000 1.000000
vt 0.625000 0.000000
vt 0.375000 1.000000
vt 0.375000 0.000000
vt 0.125000 0.750000
s 0
usemtl Material
f 1/1/1 3/3/1 7/9/1 5/5/1
f 4/4/2 8/12/2 7/10/2 3/3/2
f 8/13/3 6/8/3 5/6/3 7/11/3
f 6/7/4 8/14/4 4/4/4 2/2/4
f 2/2/5 4/4/5 3/3/5 1/1/5
f 6/8/6 2/2/6 1/1/6 5/6/6
o Cube.001
v 0.741895 4.066243 0.088554
v -1.004725 -4.150961 0.088554
v 0.741895 4.066243 -0.088554
v -1.004725 -4.150961 -0.088554
v 0.343327 4.150961 0.088554
v -1.403294 -4.066243 0.088554
v 0.343327 4.150961 -0.088554
v -1.403294 -4.066243 -0.088554
vn 0.2079 0.9781 -0.0000
vn -0.0000 -0.0000 -1.0000
vn -0.9781 0.2079 -0.0000
vn -0.2079 -0.9781 -0.0000
vn 0.9781 -0.2079 -0.0000
vn -0.0000 -0.0000 1.0000
vt 0.625000 0.500000
vt 0.375000 0.500000
vt 0.625000 0.750000
vt 0.375000 0.750000
vt 0.875000 0.500000
vt 0.625000 0.250000
vt 0.125000 0.500000
vt 0.375000 0.250000
vt 0.875000 0.750000
vt 0.625000 1.000000
vt 0.625000 0.000000
vt 0.375000 1.000000
vt 0.375000 0.000000
vt 0.125000 0.750000
s 0
usemtl Material.001
f 9/15/7 11/17/7 15/23/7 13/19/7
f 12/18/8 16/26/8 15/24/8 11/17/8
f 16/27/9 14/22/9 13/20/9 15/25/9
f 14/21/10 16/28/10 12/18/10 10/16/10
f 10/16/11 12/18/11 11/17/11 9/15/11
f 14/22/12 10/16/12 9/15/12 13/20/12
o Cube.002
v -1.496170 -0.953847 0.243638
v 3.140735 -0.953847 0.243638
v -1.496170 -0.953847 0.066529
v 3.140735 -0.953847 0.066529
v -1.496170 -1.344074 0.243638
v 3.140735 -1.344074 0.243638
v -1.496170 -1.344074 0.066529
v 3.140735 -1.344074 0.066529
vn -1.0000 -0.0000 -0.0000
vn -0.0000 -0.0000 -1.0000
vn -0.0000 -1.0000 -0.0000
vn 1.0000 -0.0000 -0.0000
vn -0.0000 1.0000 -0.0000
vn -0.0000 -0.0000 1.0000
vt 0.625000 0.500000
vt 0.375000 0.500000
vt 0.625000 0.750000
vt 0.375000 0.750000
vt 0.875000 0.500000
vt 0.625000 0.250000
vt 0.125000 0.500000
vt 0.375000 0.250000
vt 0.875000 0.750000
vt 0.625000 1.000000
vt 0.625000 0.000000
vt 0.375000 1.000000
vt 0.375000 0.000000
vt 0.125000 0.750000
s 0
usemtl Material.002
f 17/29/13 19/31/13 23/37/13 21/33/13
f 20/32/14 24/40/14 23/38/14 19/31/14
f 24/41/15 22/36/15 21/34/15 23/39/15
f 22/35/16 24/42/16 20/32/16 18/30/16
f 18/30/17 20/32/17 19/31/17 17/29/17
f 22/36/18 18/30/18 17/29/18 21/34/18
o Cube.003
v 1.283847 4.150961 0.088554
v 3.030468 -4.066243 0.088554
v 1.283847 4.150961 -0.088554
v 3.030468 -4.066243 -0.088554
v 0.885278 4.066243 0.088554
v 2.631898 -4.150961 0.088554
v 0.885278 4.066243 -0.088554
v 2.631898 -4.150961 -0.088554
vn -0.2079 0.9781 -0.0000
vn -0.0000 -0.0000 -1.0000
vn -0.9781 -0.2079 -0.0000
vn 0.2079 -0.9781 -0.0000
vn 0.9781 0.2079 -0.0000
vn -0.0000 -0.0000 1.0000
vt 0.625000 0.500000
vt 0.375000 0.500000
vt 0.625000 0.750000
vt 0.375000 0.750000
vt 0.875000 0.500000
vt 0.625000 0.250000
vt 0.125000 0.500000
vt 0.375000 0.250000
vt 0.875000 0.750000
vt 0.625000 1.000000
vt 0.625000 0.000000
vt 0.375000 1.000000
vt 0.375000 0.000000
vt 0.125000 0.750000
s 0
usemtl Material.003
f 25/43/19 27/45/19 31/51/19 29/47/19
f 28/46/20 32/54/20 31/52/20 27/45/20
f 32/55/21 30/50/21 29/48/21 31/53/21
f 30/49/22 32/56/22 28/46/22 26/44/22
f 26/44/23 28/46/23 27/45/23 25/43/23
f 30/50/24 26/44/24 25/43/24 29/48/24
o Cube.004
v -0.263838 1.815835 -0.078593
v 1.908403 1.815835 -0.078593
v -0.263838 1.815835 -0.255702
v 1.908403 1.815835 -0.255702
v -0.263838 1.425608 -0.078593
v 1.908403 1.425608 -0.078593
v -0.263838 1.425608 -0.255702
v 1.908403 1.425608 -0.255702
vn -1.0000 -0.0000 -0.0000
vn -0.0000 -0.0000 -1.0000
vn -0.0000 -1.0000 -0.0000
vn 1.0000 -0.0000 -0.0000
vn -0.0000 1.0000 -0.0000
vn -0.0000 -0.0000 1.0000
vt 0.625000 0.500000
vt 0.375000 0.500000
vt 0.625000 0.750000
vt 0.375000 0.750000
vt 0.875000 0.500000
vt 0.625000 0.250000
vt 0.125000 0.500000
vt 0.375000 0.250000
vt 0.875000 0.750000
vt 0.625000 1.000000
vt 0.625000 0.000000
vt 0.375000 1.000000
vt 0.375000 0.000000
vt 0.125000 0.750000
s 0
usemtl Material.004
f 33/57/25 35/59/25 39/65/25 37/61/25
f 36/60/26 40/68/26 39/66/26 35/59/26
f 40/69/27 38/64/27 37/62/27 39/67/27
f 38/63/28 40/70/28 36/60/28 34/58/28
f 34/58/29 36/60/29 35/59/29 33/57/29
f 38/64/30 34/58/30 33/57/30 37/62/30
